Intercept: 981.9027140558906
Slope: 78.07091032826165
